      0.0000000000      0.0000000000      5.0081369287
      0.0500000000      0.7110958829      7.9493975985
      0.1000000000      2.9560068195     13.0826155008
      0.1500000000      6.8985341278     19.5695545300
      0.2000000000     12.6893952953     27.0131605623
      0.2500000000     20.3607050336     34.4994113840
      0.3000000000     29.6407774227     41.1467183617
      0.3500000000     40.0715614155     58.4575039130
      0.4000000000     49.6499920624     91.9239024051
      0.4500000000     55.7925449342    126.6359352649
      0.5000000000     58.2591579555    138.8492455692
      0.5500000000     55.7925440482    126.6350069455
      0.6000000000     49.6499956934     91.9250783283
      0.6500000000     40.0715618692     58.4581448820
      0.7000000000     29.6407776562     41.1467080308
      0.7500000000     20.3607053895     34.4994195930
      0.8000000000     12.6893952858     27.0131482154
      0.8500000000      6.8985346626     19.5694180355
      0.9000000000      2.9560067183     13.0828096010
      0.9500000000      0.7110958908      7.9492384979
      1.0000000000     -0.0000020014      5.0079978880
