      0.0000000000      0.0000000000      1.1971694160
      0.0605849114     -0.2204440611      0.1093183754
      0.1324316285     -0.2680978562      0.4128938520
      0.1818297329     -0.2278647070      0.2844794499
      0.2217420732     -0.1992469512      0.2625058616
      0.2608755957     -0.1776670851      0.4598988579
      0.3018447267     -0.1633671285      0.4661581683
      0.3456896379     -0.1586891692      0.1302272874
      0.3940238634     -0.1329338965      1.2123160503
      0.4473049646     -0.0681195608      2.0399434710
      0.5000049688      0.1189697157      3.0944154135
      0.5526931106     -0.0677622215      2.0454798552
      0.6059800490     -0.1329643251      1.2115366137
      0.6543097798     -0.1586894005      0.1301713540
      0.6981572351     -0.1633767994      0.4657140299
      0.7391274649     -0.1776796803      0.4590705287
      0.7782548076     -0.1992483037      0.2622123698
      0.8181714677     -0.2278605961      0.2844394809
      0.8675655925     -0.2681018101      0.4128431664
      0.9394154120     -0.2204432415      0.1093520698
      1.0000000000     -0.0000000203      1.1972706544
